000636
688535
000021
688260
605376
603186
300398
000962
002138
300726
000733
300806
002975
002859
300285
688627
688037
002916
688519
600584
002409
300054
300476
688372
603986
688008
920438
002156
300727
002938
688362
300308
002654
688507
688733
603283
688401
688721
688797
301161
688233
688072
001309
301566
688449
301666
688135
002418
688593
688655
300502
000938
600570
001389
000725
603002
002484
603678
300408
688766
002335
600487
688123
600601
000988
688798
600353
603773
600884
000815
300037
688347
688234
688820
002625
301205
003019
688398
688630
688256
002384
603260
688213
300811
300655
688049
688603
301200
000100
300776
300499
600183
002837
301183
002222
301217
002149
300814
300593
301086
300870
603688
300395
688525
300274
601138
605589
603019
002594
603629
603444
301589
603083
002008
002475
600707
688205
688167
600330
688807
603256
300042
688095
688111
002428
002281
688313
688498
688048
300223
688981
301308
688082
300433
002549
000977
300383
300166
002015
600821
688027
002851
002179
688147
002129
688303
003026
688783
688432
688001
688383
688200
688361
600641
603690
600667
300236
688720
688106
688662
603306
300456
300570
300442
601208
688300
002436
688120
688195
300757
002261
688662
603306
300456
300570
300442
601208
688300
002969
688416
002230
605358
600460
002185
300394
600703
600206
600118
000962
603678
002138
300726
000733
300054
603186
688535
300666
688019
603256
688519
600183
002436
002916
600183
002436
002916
300236
688300
301217
605589
601208
300395
600584
000021
688401
002156
688362
002185
688820
